dim_red: 1.230919
cal_nnb: 22.149301
total: 23.380220
