dim_red: 6.133623
cal_nnb: 23.636741
total: 29.770364
