dim_red: 11.871971
cal_nnb: 22.987164
total: 34.859135
