dim_red: 2.883967
cal_nnb: 22.365818
total: 25.249785
